<<<<<<<<<<<< OUTPUT OF FIRST ITERATION WITH 4:4:4 SUBSAMPLING AND DEFAULT_QUALITY_FACTOR (80) >>>>>>>>>>>>>>


Nr. of MCUs generated: 256
Processing MCU: 0
  Region: luminance
    Block 0: --------------
    Component block:
	218	196	197	194	195	193	191	193	
	195	159	160	154	155	152	153	153	
	193	155	158	155	155	154	152	153	
	194	155	156	156	155	154	153	154	
	193	155	156	156	156	155	152	158	
	193	154	156	157	157	155	153	159	
	192	155	158	157	157	156	157	164	
	194	157	158	158	159	159	163	167	
	
    DCT-Block:
	299.24999999999994	50.74326258486223	47.35610835822477	35.9743811086575	39.00000000000001	24.965123917392827	22.868351518289824	11.600982453310367	
	42.19893166193707	8.847063528925377	-6.326317791407961	-0.7814503816793392	-5.955948862725182	-2.1171037848479415	-1.433289133864165	0.7320758576783226	
	55.76669500891759	-6.625914749638221	-0.7285533905932926	-4.495902803586122	-4.134244253556237	-2.3671346015850965	-2.526650429449566	0.8300475831268102	
	40.98050462057053	-2.0055386762863296	-3.9071785657368	-2.8400708279497247	0.033668807581993754	-3.4285250170340653	-0.12758603733561857	-1.512947650547323	
	39.25000000000001	-4.419304300704729	-1.7849172553327444	-0.8003661395122448	-1.4999999999999938	-1.2864686656048177	-1.696045515785313	-1.516298754504491	
	27.433884994253702	-2.9315959977156743	-2.983799150955884	-1.7088551029239785	-0.8279333167767411	-0.49356011683926404	-0.2003126273281759	-0.9574416374300632	
	19.65517051013182	-2.3818394627011488	-2.7766504294495666	0.21436900713361373	-0.1817263105256739	-0.4181156168485203	-0.02144660940673293	-0.8353876540891069	
	9.879542588431471	-2.048254228211582	-1.022887998035472	-1.430993254008334	-0.46375206626990373	-1.3369067334163307	0.949515950865872	-0.5134325841363642	
	
    Quantized block:
	50	13	12	6	4	2	1	0	
	8	2	-1	0	-1	0	0	0	
	9	-1	0	0	0	0	0	0	
	7	0	0	0	0	0	0	0	
	6	0	0	0	0	0	0	0	
	3	0	0	0	0	0	0	0	
	1	0	0	0	0	0	0	0	
	0	0	0	0	0	0	0	0	
	
    RUN-LEVELS of AC coefficients:
	(0,13), (0,8), (0,9), (0,2), (0,12), (0,6), (0,-1), (0,-1), (0,7), (0,6), (3,4), (0,2), (0,-1), (3,3), (0,1), (5,1), (0,0)
    -------------------------------