Y-Channel: 
	218	196	197	194	195	193	191	193	193	197	200	203	202	198	187	170	156	156	160	162	163	163	163	164	164	162	166	169	170	173	174	175	177	176	180	177	176	177	176	180	178	179	179	179	180	178	180	178	179	180	180	179	180	178	176	178	178	178	179	177	180	179	178	178	181	176	178	178	176	178	176	177	177	176	175	176	172	171	167	162	166	178	186	192	196	194	189	191	191	192	194	192	191	191	191	191	193	193	195	192	197	221	228	231	228	195	161	163	169	170	171	171	173	171	172	172	173	174	173	171	174	205	205	205	205	205	205	205	
	195	159	160	154	155	152	153	153	154	160	167	172	170	162	142	116	93	93	99	105	104	105	103	105	105	105	110	116	120	123	124	125	129	129	131	129	130	130	128	132	131	134	133	133	132	131	131	130	132	132	133	132	134	130	129	129	130	131	129	130	132	131	130	131	133	129	129	129	128	128	126	129	128	127	128	126	121	120	113	106	109	128	143	151	158	157	151	151	151	152	155	153	152	152	152	153	153	154	157	154	155	193	210	216	215	176	108	106	115	117	119	120	122	120	121	122	123	123	123	121	123	174	174	174	174	174	174	174	
	193	155	158	155	155	154	152	153	154	163	169	170	168	158	138	115	91	90	99	100	104	104	104	103	103	105	110	114	120	122	124	126	127	127	129	129	130	129	128	130	130	133	133	132	132	131	131	132	131	131	130	129	130	130	128	127	130	131	128	129	130	131	129	129	130	130	129	128	126	127	125	126	127	127	127	126	123	118	112	109	104	116	135	147	155	159	154	153	155	156	156	155	155	153	153	152	154	152	154	152	151	166	203	214	217	205	143	104	109	115	119	119	120	120	119	121	122	122	122	123	124	175	175	175	175	175	175	175	
	194	155	156	156	155	154	153	154	161	166	169	167	165	156	136	114	92	91	98	102	105	106	104	102	102	103	111	115	117	122	123	126	125	128	128	130	131	129	128	131	127	131	132	132	131	131	131	131	130	131	132	130	131	130	128	129	130	129	128	130	133	132	130	131	129	129	132	129	128	127	127	128	120	127	128	127	124	121	113	112	106	107	128	143	152	159	158	158	158	160	161	158	156	154	154	153	153	151	152	152	151	150	185	209	217	217	188	117	107	111	116	118	119	121	120	120	121	121	122	122	125	175	175	175	175	175	175	175	
	193	155	156	156	156	155	152	158	164	166	166	164	163	153	138	115	91	90	97	100	105	106	103	104	102	103	111	115	119	121	123	125	127	129	129	130	130	131	130	130	131	131	132	133	133	131	131	131	129	133	131	132	131	131	132	129	129	131	128	130	134	135	131	131	131	130	131	127	129	128	125	127	129	129	127	128	125	121	115	114	108	103	118	139	149	156	161	160	159	161	162	161	157	158	156	153	153	152	151	151	150	148	158	200	215	218	212	160	104	108	115	116	120	121	123	121	122	124	124	126	130	178	178	178	178	178	178	178	
	193	154	156	157	157	155	153	159	166	164	164	162	160	153	139	119	92	91	98	102	107	104	102	101	103	103	110	113	118	119	122	123	126	128	129	129	130	129	129	130	129	131	130	131	130	130	128	130	130	130	129	130	129	128	128	129	130	129	127	128	131	134	132	130	130	129	131	127	128	126	125	126	126	127	126	127	124	122	120	112	108	105	111	133	148	155	160	162	160	160	162	160	159	155	156	154	153	151	152	151	149	150	145	177	208	216	218	198	125	107	111	117	117	120	121	120	120	127	127	130	133	180	180	180	180	180	180	180	
	192	155	158	157	157	156	157	164	166	165	161	159	160	155	139	113	90	87	96	102	104	104	104	101	101	106	109	113	120	120	121	126	127	125	128	129	127	128	128	129	129	128	128	131	130	128	129	131	134	130	127	126	125	124	125	127	126	126	126	126	127	129	131	130	131	131	128	126	127	125	125	125	127	126	127	126	123	122	121	111	108	105	115	130	144	156	160	161	162	158	159	158	158	155	155	155	154	152	153	151	151	149	146	152	197	214	219	215	174	107	109	116	122	121	123	120	120	123	125	132	133	153	153	153	153	153	153	153	
	194	157	158	158	159	159	163	167	166	163	158	157	161	157	138	114	91	88	98	101	105	104	103	103	103	105	107	114	118	121	122	124	126	126	127	126	126	128	128	128	130	129	129	129	129	128	127	131	132	131	127	124	121	123	123	127	125	124	124	125	128	128	128	130	130	130	127	126	127	127	126	125	124	125	127	128	126	120	117	116	111	107	116	131	143	153	157	160	159	158	159	158	157	157	154	155	155	154	155	153	151	150	146	144	172	208	217	220	208	138	106	113	117	120	121	120	122	124	128	130	89	125	125	125	125	125	125	125	
	195	157	159	159	161	162	167	168	166	163	159	157	160	156	139	113	90	91	97	101	104	106	103	101	100	103	109	113	116	121	121	123	125	127	127	127	126	126	126	130	130	127	130	129	128	130	127	128	132	129	127	123	122	120	120	124	125	123	124	123	125	128	129	128	132	129	128	127	128	126	126	125	126	124	127	126	125	121	118	113	111	107	115	127	139	149	153	158	159	157	158	158	157	155	156	155	156	154	155	154	153	152	149	143	145	189	212	219	221	194	117	107	114	116	122	121	125	128	129	92	48	123	123	123	123	123	123	123	
	195	158	161	160	164	167	165	164	164	160	157	159	160	155	137	113	86	87	97	100	103	101	101	102	102	102	109	113	116	120	118	122	123	126	125	127	124	124	125	127	127	128	126	127	129	131	128	127	128	127	125	124	123	122	122	124	123	119	120	121	123	127	126	129	130	129	126	126	128	126	126	124	124	125	126	125	125	122	117	118	113	106	113	127	138	146	151	154	157	157	156	156	156	154	155	154	156	155	155	153	153	149	148	145	141	162	207	219	222	215	159	100	110	113	119	122	128	128	87	46	43	125	125	125	125	125	125	125	
	196	160	161	162	167	165	160	160	159	160	159	159	160	154	136	110	86	87	96	102	101	103	102	102	101	103	108	113	119	119	120	121	123	123	125	124	124	124	125	127	127	127	128	127	127	128	128	127	128	127	126	128	125	124	122	119	119	118	119	117	119	125	125	129	129	126	127	125	126	129	124	128	126	125	125	126	122	120	116	115	113	110	114	124	137	144	147	152	154	156	156	155	154	154	153	153	154	155	155	152	149	147	146	143	140	142	189	215	221	222	200	121	105	109	113	120	127	92	47	42	45	127	127	127	127	127	127	127	
	196	160	160	165	167	158	153	152	154	161	161	159	161	156	139	112	87	88	95	101	103	104	102	102	101	103	110	114	118	120	121	122	123	125	126	124	125	127	126	128	127	124	131	129	130	128	126	126	131	126	125	127	134	131	136	155	159	156	154	146	130	120	117	121	123	124	126	126	127	129	126	126	126	126	126	125	123	122	116	114	113	107	112	123	136	142	144	148	150	154	155	153	152	152	153	154	153	153	152	148	147	144	143	143	142	141	159	205	218	222	217	170	107	108	116	121	89	48	44	44	48	130	130	130	130	130	130	130	
	196	159	161	169	164	152	145	145	151	162	161	160	163	155	140	114	88	87	95	98	103	104	101	103	102	105	112	112	118	120	120	124	125	125	126	126	127	128	128	127	127	127	127	128	130	127	126	124	133	142	144	149	147	158	163	169	177	176	181	179	181	180	156	133	118	119	122	122	127	129	128	126	126	126	126	125	123	120	117	113	112	107	110	123	135	143	142	145	148	151	154	154	151	153	152	153	153	150	149	147	144	143	141	140	141	140	144	181	211	220	223	208	137	111	120	88	45	42	43	46	53	130	130	130	130	130	130	130	
	196	161	166	167	158	144	133	138	151	162	162	161	163	157	139	112	85	86	93	99	103	101	102	101	104	105	112	116	119	121	120	123	126	125	124	127	128	126	126	128	127	125	127	126	127	126	126	142	142	150	141	144	150	164	163	170	177	178	174	171	179	181	187	190	178	140	115	119	122	125	125	127	125	125	123	124	119	119	114	113	112	105	110	124	137	144	143	144	147	149	153	152	152	149	150	148	149	147	146	143	143	139	139	140	141	140	140	148	199	217	223	224	192	123	95	48	41	45	47	50	54	128	128	128	128	128	128	128	
	196	164	171	162	149	131	121	137	154	164	165	163	164	157	141	111	82	81	93	96	98	100	99	100	103	105	109	114	117	119	120	122	123	122	124	125	126	126	127	126	124	125	135	140	137	123	130	140	141	141	146	150	146	153	157	165	166	175	174	175	178	183	184	190	194	194	171	121	116	122	124	124	121	124	123	121	118	115	111	111	108	105	111	123	138	143	145	144	145	148	149	151	151	147	146	147	144	145	145	142	141	140	139	138	139	140	141	136	167	212	222	226	221	144	48	41	43	45	52	52	52	129	129	129	129	129	129	129	
	197	170	168	155	139	110	108	138	155	166	165	164	164	158	141	113	83	81	88	94	98	97	97	100	101	104	109	111	117	116	120	119	121	123	122	124	125	125	124	129	128	145	141	131	125	121	124	134	131	130	139	143	150	151	160	161	168	168	178	178	182	184	184	188	192	192	198	189	143	113	113	118	118	121	120	120	117	115	112	108	106	101	110	123	138	145	146	144	144	146	146	149	149	151	144	142	142	144	145	143	142	142	139	141	140	142	142	138	142	191	217	226	224	115	39	41	45	48	53	52	51	125	125	125	125	125	125	125	
	201	172	162	148	122	88	105	138	157	165	165	163	163	157	140	112	80	77	86	92	94	96	97	99	101	103	106	107	114	116	116	117	123	123	122	124	124	123	121	154	108	122	122	119	121	121	128	132	127	132	135	138	143	147	152	154	168	172	176	185	184	182	187	186	188	193	195	195	194	165	114	107	115	114	116	117	116	114	110	110	106	101	108	123	138	147	147	145	144	144	144	143	146	149	145	140	141	141	145	143	142	141	139	141	140	143	144	142	142	157	211	223	168	46	41	42	48	54	52	54	47	124	124	124	124	124	124	124	
	203	168	156	136	98	77	104	136	156	166	166	164	163	155	136	111	78	77	87	93	99	100	98	98	101	102	107	109	115	111	115	117	119	119	123	123	123	124	127	120	110	118	119	120	123	120	128	133	128	132	136	130	137	140	149	159	169	174	176	177	182	181	187	190	189	194	196	197	194	198	188	125	102	104	109	112	113	112	109	107	107	101	107	121	140	150	150	150	146	142	141	138	138	145	147	143	141	143	145	143	142	142	140	143	143	143	145	145	147	150	188	161	57	43	44	45	49	49	52	49	49	129	129	129	129	129	129	129	
	202	162	147	118	82	79	107	136	156	167	167	164	162	154	137	110	76	77	89	94	98	101	99	98	99	100	106	108	112	115	113	117	119	118	122	122	122	124	142	112	114	111	113	117	125	124	127	126	133	136	133	135	138	140	145	153	162	165	173	181	182	188	189	191	191	196	195	194	195	198	195	194	135	107	96	104	109	110	105	106	106	100	104	121	143	151	153	153	148	143	133	128	127	137	147	146	142	144	147	143	142	140	142	143	143	146	146	148	149	155	129	55	43	43	45	51	53	51	47	42	53	129	129	129	129	129	129	129	
	199	154	134	94	84	81	108	137	156	166	168	165	161	155	138	109	78	78	87	96	100	97	98	99	101	101	106	110	113	115	113	117	119	119	122	120	123	136	121	111	106	110	118	116	120	125	122	130	127	133	136	133	137	138	146	148	158	169	178	183	186	184	186	190	190	195	193	189	190	194	205	215	221	215	122	91	104	105	101	102	103	99	106	122	143	151	153	154	152	146	129	112	111	126	142	148	144	145	147	143	142	142	141	143	143	145	147	149	153	143	68	44	42	43	49	51	52	46	44	53	53	126	126	126	126	126	126	126	
	195	142	113	83	83	84	109	138	156	165	167	166	163	154	135	107	79	77	88	94	97	98	99	98	100	102	107	109	111	114	115	120	120	122	121	120	125	125	109	109	111	116	118	118	122	121	122	123	125	131	132	133	132	141	137	150	157	169	182	183	185	184	185	190	187	181	190	201	209	210	211	211	215	224	197	89	92	100	101	100	99	96	104	121	141	150	153	154	152	147	132	101	87	105	132	146	146	143	145	144	142	143	143	145	144	145	148	150	151	86	43	41	43	48	53	51	49	45	49	54	45	126	126	126	126	126	126	126	
	189	126	90	84	87	87	108	136	155	165	167	166	163	153	135	109	81	80	90	93	97	98	98	104	100	101	105	109	113	114	115	117	120	120	123	123	126	109	106	111	116	116	121	120	119	118	119	126	130	137	136	135	135	140	138	149	156	168	179	180	184	190	179	173	186	204	210	206	208	208	206	209	208	217	223	164	82	89	96	97	97	95	102	120	138	152	152	152	153	147	135	100	61	78	118	138	147	145	145	145	141	143	141	144	142	145	149	154	113	44	39	41	48	53	53	52	44	48	52	47	48	134	134	134	134	134	134	134	
	180	101	84	88	87	85	107	137	154	164	167	165	164	153	135	108	80	78	90	94	95	101	100	102	100	102	108	108	112	115	114	120	121	120	121	125	111	107	107	113	113	119	117	118	113	118	123	125	130	136	136	137	141	140	146	146	154	162	176	177	180	163	174	200	210	206	205	202	206	205	203	205	207	211	220	220	137	79	87	92	94	93	101	120	138	152	154	153	151	149	136	106	56	55	98	126	144	148	144	144	142	143	142	144	144	146	152	135	57	55	46	47	54	54	54	48	46	56	47	46	54	135	135	135	135	135	135	135	
	168	86	89	91	88	86	106	136	153	162	168	164	163	154	134	106	80	80	91	96	98	98	98	99	99	103	104	108	113	115	115	118	120	122	124	116	107	111	111	113	117	117	113	110	113	124	127	129	135	138	142	142	146	139	139	144	152	166	173	164	158	193	204	200	202	208	207	201	197	201	202	211	210	211	215	222	212	100	76	83	87	89	100	121	141	152	154	153	153	150	138	107	55	44	80	113	136	147	146	144	142	142	143	144	145	149	152	80	40	44	44	51	52	53	48	43	55	51	48	49	54	138	138	138	138	138	138	138	
	154	84	90	91	90	85	105	134	152	162	166	165	162	154	135	110	80	78	91	96	99	98	97	99	100	103	104	109	114	118	115	118	120	122	125	113	114	111	110	114	117	114	118	117	119	126	128	130	137	135	140	141	140	137	139	145	152	166	144	166	194	202	199	204	200	201	196	196	204	201	199	202	203	207	209	212	217	205	138	75	77	84	96	120	139	151	152	154	152	150	138	106	57	46	57	95	124	141	147	144	141	140	143	145	148	152	115	46	38	43	53	56	53	48	44	51	53	45	52	54	61	141	141	141	141	141	141	141	
	150	89	91	90	89	87	104	134	152	162	165	165	163	154	135	110	82	77	88	94	98	99	99	99	102	100	105	109	113	116	117	117	119	129	115	107	111	113	110	112	114	115	117	119	129	128	130	138	138	138	140	139	134	131	137	140	145	144	181	195	193	195	195	198	197	199	197	196	199	205	204	206	206	207	209	208	213	215	219	151	67	76	92	118	139	152	153	153	152	154	136	105	60	43	42	67	106	132	146	146	141	140	143	147	151	138	57	39	42	46	55	54	53	47	48	56	46	51	53	54	62	162	162	162	162	162	162	162	
	150	91	92	93	91	90	107	135	151	160	164	164	161	154	137	108	82	78	89	94	95	98	101	98	99	101	104	108	112	116	117	114	126	139	103	102	107	114	110	113	113	112	119	122	129	133	140	141	134	140	140	138	133	129	132	128	157	176	191	197	192	192	188	192	189	193	203	203	203	203	204	205	207	205	208	206	211	213	216	215	103	67	87	116	137	150	152	153	152	151	137	109	63	44	42	45	79	117	136	144	141	138	142	147	149	86	44	43	44	52	53	54	52	46	54	46	47	51	51	54	94	185	185	185	185	185	185	185	
	153	91	92	90	89	87	105	135	153	161	164	163	163	157	137	110	82	79	87	92	97	98	99	101	99	101	107	109	114	114	113	110	159	126	101	106	109	110	110	113	117	119	121	124	127	137	139	130	134	139	138	131	128	118	126	164	186	189	188	188	191	189	185	189	194	198	201	204	202	205	201	205	204	203	203	203	205	213	215	222	188	80	79	112	136	149	152	154	153	150	136	108	66	45	43	39	50	88	118	146	158	142	145	149	116	46	44	44	51	54	52	53	49	52	52	50	55	50	41	78	137	188	188	188	188	188	188	188	
	154	89	91	90	87	83	102	135	152	161	164	163	162	157	137	112	81	78	87	93	93	97	98	100	99	106	107	109	111	113	109	112	189	112	105	103	108	111	111	110	116	119	125	128	133	135	136	133	134	138	128	124	115	133	172	186	184	185	187	185	177	181	193	197	197	194	199	203	202	201	201	200	199	201	206	209	204	209	210	219	224	137	71	109	136	149	150	153	153	152	137	110	65	44	44	40	37	72	174	211	206	196	205	170	58	42	48	48	54	53	53	57	52	51	47	54	49	45	62	126	148	183	183	183	183	183	183	183	
	152	89	89	88	88	84	100	132	151	162	163	163	163	155	137	108	76	75	85	88	93	95	95	94	98	101	104	106	109	109	103	144	179	107	102	105	109	114	112	114	117	118	128	130	137	131	130	130	136	124	113	116	147	175	179	186	176	175	182	181	186	185	191	194	195	195	195	196	199	193	196	205	204	203	203	206	206	207	208	211	222	194	71	103	134	148	151	153	154	152	138	107	63	43	39	38	80	192	206	196	209	220	224	216	65	43	47	53	54	55	53	51	52	51	51	57	47	47	110	148	143	184	184	184	184	184	184	184	
	151	90	92	92	92	87	102	131	150	161	166	164	162	155	135	107	75	73	81	91	95	97	98	97	99	100	104	105	111	110	102	177	170	108	100	105	106	115	111	116	116	123	130	124	124	118	132	133	124	117	118	157	177	179	164	171	179	173	175	180	185	188	190	191	194	193	191	186	194	200	199	203	200	199	199	201	204	204	202	207	215	220	129	95	132	150	153	155	153	151	138	104	56	38	40	113	202	189	194	216	219	219	222	230	122	42	45	50	54	53	47	50	48	48	54	52	48	90	142	148	140	192	192	192	192	192	192	192	
	154	91	92	95	94	89	102	131	150	164	167	166	164	155	137	107	77	75	82	92	98	98	99	99	100	101	104	108	111	114	106	199	159	99	100	103	109	110	107	115	124	128	123	118	123	133	125	125	111	119	164	175	171	164	169	170	172	180	181	177	189	190	184	185	188	185	188	198	196	197	192	200	199	200	201	202	207	204	204	205	207	214	204	102	129	149	154	156	155	151	133	97	45	47	146	206	176	196	217	212	210	209	209	226	153	41	46	49	52	50	47	46	43	49	56	50	64	132	151	144	149	195	195	195	195	195	195	195	
	155	95	96	97	96	95	104	131	150	163	168	167	164	158	139	109	80	77	86	93	97	99	99	100	100	104	106	108	112	108	115	206	153	101	102	106	101	104	115	122	123	120	120	121	131	133	130	112	124	162	167	164	163	165	165	179	180	174	181	187	183	183	185	178	174	188	191	197	196	193	195	194	200	197	198	193	196	200	203	203	205	206	214	181	135	146	151	155	153	146	123	81	90	181	199	181	204	212	211	204	200	204	215	224	155	39	48	55	50	44	44	44	48	51	45	45	105	152	146	147	159	196	196	196	196	196	196	196	
	157	98	100	99	97	94	103	132	151	163	166	166	168	159	141	109	80	79	88	94	99	100	101	104	100	102	109	110	113	108	138	202	133	102	96	101	107	113	112	113	115	119	123	126	125	122	110	124	158	155	156	151	164	162	171	175	179	185	175	180	181	180	170	174	182	189	183	191	194	194	196	196	198	190	169	194	199	201	199	201	199	199	205	212	196	146	152	151	149	138	122	157	204	192	187	209	210	204	204	200	203	209	216	223	139	43	48	50	53	50	46	49	52	51	35	72	142	150	144	156	159	195	195	195	195	195	195	195	
	158	100	100	99	98	97	107	133	150	161	167	169	168	162	141	112	80	79	88	94	99	101	101	100	99	100	104	108	110	101	155	187	128	109	99	104	104	101	107	117	115	123	126	119	119	112	128	155	154	148	148	147	153	171	173	177	171	170	179	178	177	168	172	183	181	183	185	184	187	191	195	201	186	171	189	193	198	197	198	198	198	195	196	199	206	168	151	147	146	167	202	197	187	196	208	207	203	201	201	202	207	213	217	221	109	44	51	48	50	48	43	46	50	47	52	119	152	146	150	160	159	194	194	194	194	194	194	194	
	159	98	98	99	98	97	110	134	153	163	169	171	171	164	143	111	81	79	91	93	98	99	99	101	98	100	105	107	105	96	177	179	134	113	105	104	104	103	107	107	118	118	117	122	115	138	147	146	145	148	139	154	162	163	174	169	166	170	177	176	158	177	174	174	180	176	178	178	180	188	175	180	181	185	184	185	191	195	192	190	190	193	187	188	193	185	147	161	190	200	192	189	204	207	201	200	200	202	204	203	205	212	219	221	80	49	53	51	49	42	44	49	53	60	93	145	147	147	157	159	159	194	194	194	194	194	194	194	
	158	100	100	97	99	98	110	134	154	165	170	172	172	166	144	112	81	78	91	92	97	100	98	98	97	98	102	105	102	93	198	179	142	117	102	106	103	108	109	113	117	116	125	115	132	146	150	139	145	132	149	157	162	161	157	169	177	170	161	165	176	171	177	175	174	173	177	186	186	179	176	183	188	180	189	191	192	188	184	184	187	185	183	183	184	191	183	202	191	190	200	205	204	201	198	199	201	205	204	197	204	211	220	215	51	46	49	52	51	44	48	49	59	79	131	149	144	153	159	159	158	194	194	194	194	194	194	194	
	159	98	98	97	97	99	108	132	152	167	172	174	172	165	143	112	80	77	88	94	96	98	97	98	97	99	101	105	100	98	209	181	147	128	119	109	103	107	110	111	121	123	118	125	147	143	138	144	131	146	149	151	152	153	168	171	167	160	167	172	171	173	172	173	174	169	173	178	179	183	180	179	182	190	186	188	183	178	173	182	181	177	175	165	187	194	184	192	197	206	207	196	199	199	197	200	202	203	196	185	203	209	217	177	38	44	48	50	46	45	50	52	56	111	149	146	147	157	160	159	158	194	194	194	194	194	194	194	
	156	98	98	96	98	95	106	132	153	166	172	172	172	165	143	114	82	80	90	94	97	99	97	99	98	98	103	103	99	105	210	178	153	139	127	114	105	105	107	112	117	108	130	140	144	140	139	124	145	149	153	138	144	156	163	166	152	171	176	166	166	173	176	172	166	171	165	171	177	173	176	184	178	186	187	177	179	181	173	173	178	164	169	192	188	182	195	202	203	202	198	198	200	198	199	202	204	200	167	169	195	198	212	118	41	44	48	50	47	46	51	49	71	140	150	146	157	160	160	158	159	195	195	195	195	195	195	195	
	157	97	95	96	95	97	106	135	156	168	171	172	170	164	144	113	82	79	91	95	99	98	97	98	98	99	101	101	99	104	205	177	159	146	138	124	108	95	103	116	109	125	142	136	140	136	120	144	150	146	145	150	150	142	153	149	170	171	164	168	168	164	169	162	165	164	167	159	164	173	173	176	185	176	177	174	170	180	171	159	166	183	191	184	193	201	200	198	192	192	196	198	199	199	200	204	204	176	158	172	150	183	200	57	46	53	51	47	43	46	48	74	116	149	145	152	158	160	157	159	159	194	194	194	194	194	194	194	
	157	93	94	94	95	96	108	136	155	166	171	170	170	164	146	112	81	79	91	95	98	98	96	97	97	98	101	99	95	112	200	176	160	150	138	132	106	99	107	104	127	140	133	136	130	118	139	142	145	140	143	142	153	149	145	162	157	158	171	163	163	163	159	168	160	159	160	164	167	170	170	167	174	173	168	172	165	166	162	173	186	179	188	198	204	199	194	191	192	194	198	200	200	201	203	206	194	156	173	146	155	184	160	38	41	52	50	42	50	46	58	96	146	148	147	157	160	159	157	157	157	195	195	195	195	195	195	195	
	157	95	94	94	93	96	110	136	155	167	171	170	170	165	146	115	82	80	91	95	98	97	96	98	97	99	99	99	90	127	196	181	163	153	139	135	119	107	100	125	140	135	135	124	120	140	143	142	139	132	139	150	141	147	159	154	155	156	157	150	157	163	164	153	153	165	163	166	162	166	166	165	162	161	167	161	155	162	183	179	182	194	199	195	189	191	191	194	195	199	201	202	201	203	206	207	164	165	153	159	155	199	102	41	47	48	50	48	52	49	70	129	151	144	152	158	159	158	155	155	157	194	194	194	194	194	194	194	
	155	97	97	95	97	102	113	136	155	167	172	172	171	165	147	116	81	77	88	94	96	96	94	98	97	98	98	96	88	135	201	189	173	161	145	146	127	99	117	137	127	133	125	121	138	137	142	137	127	131	151	138	141	158	153	142	138	146	152	138	133	120	124	160	163	160	160	160	163	159	159	161	160	161	151	153	178	182	174	190	198	195	189	186	188	193	194	197	200	202	203	202	203	205	208	187	159	150	132	112	161	205	46	42	51	50	51	59	53	54	91	148	148	147	157	158	157	157	155	154	156	194	194	194	194	194	194	194	
	158	98	96	98	99	104	113	137	154	168	171	171	171	167	148	114	80	74	88	95	96	96	95	97	97	97	99	95	86	132	205	193	172	161	154	152	138	112	123	126	130	124	118	135	141	136	135	124	132	143	135	142	150	138	109	127	117	104	105	110	152	155	119	127	137	151	148	147	140	149	137	102	124	149	154	182	173	181	198	197	194	191	191	191	193	197	198	200	201	203	203	203	204	209	204	164	130	92	93	134	203	143	34	41	47	46	48	54	51	63	125	151	145	153	159	158	158	156	155	155	155	193	193	193	193	193	193	193	
	157	98	99	97	100	103	117	139	155	169	172	173	172	166	148	115	79	75	85	93	96	98	98	100	98	99	98	96	85	126	207	195	186	166	142	146	144	112	119	120	120	115	133	139	135	129	121	129	133	132	138	143	143	124	139	121	110	91	80	81	155	158	131	119	111	86	102	100	87	68	57	69	53	164	174	162	183	194	196	192	195	194	193	191	195	199	199	200	201	204	203	203	205	190	144	102	84	93	120	186	199	53	41	48	47	43	48	52	47	92	145	146	147	159	160	159	158	158	154	156	156	192	192	192	192	192	192	192	
	158	101	99	98	101	107	116	140	157	170	172	172	173	166	149	117	79	75	86	94	96	98	97	100	97	98	100	97	90	105	208	197	195	167	130	131	123	111	115	118	107	128	137	133	129	126	130	132	131	131	142	136	114	136	122	113	106	116	100	93	108	126	96	69	72	93	73	73	47	40	45	61	128	162	168	197	198	194	193	193	194	193	192	194	196	198	199	197	203	204	204	171	125	95	90	89	97	124	178	200	102	45	47	50	49	46	53	45	50	123	147	143	155	161	160	159	159	158	157	156	154	192	192	192	192	192	192	192	
	159	102	101	95	102	106	117	138	156	170	171	172	172	167	148	115	80	77	88	95	95	99	97	100	97	100	98	96	90	85	204	202	198	171	124	132	137	121	114	107	123	137	135	128	121	128	133	129	127	139	133	116	130	126	113	118	98	79	65	64	86	109	97	97	96	81	62	80	43	37	56	150	141	171	189	193	195	193	191	190	193	192	191	192	195	196	200	201	206	181	110	91	88	88	99	113	147	184	183	70	41	45	50	46	46	51	55	44	76	143	145	148	161	162	161	159	159	159	157	156	155	193	193	193	193	193	193	193	
	162	104	101	98	100	105	116	138	155	168	172	171	170	167	150	115	82	75	88	93	95	96	96	100	97	99	98	96	95	82	176	200	198	171	134	141	144	130	103	116	133	134	129	120	125	132	127	126	139	135	112	128	130	106	81	79	77	59	54	72	108	98	61	86	91	84	56	78	33	72	157	133	167	191	181	183	190	190	188	186	190	189	192	192	195	196	198	180	132	129	99	93	100	121	147	164	180	188	81	45	46	52	52	45	44	56	59	56	115	148	143	157	164	162	162	160	160	159	158	157	157	193	193	193	193	193	193	193	
	162	104	103	101	99	103	116	139	155	167	170	170	170	166	150	119	81	76	85	92	95	97	97	98	97	97	98	99	98	85	133	204	194	186	154	137	140	116	112	134	134	125	115	126	128	126	119	134	134	138	117	126	83	64	83	64	52	49	50	108	102	56	62	95	83	57	40	92	86	154	136	182	190	183	180	185	184	185	183	185	188	189	191	194	197	186	127	90	106	134	142	147	160	165	167	175	190	76	42	47	54	52	50	48	46	54	49	72	138	146	144	163	163	164	164	161	161	159	158	157	156	192	192	192	192	192	192	192	
	163	104	103	101	101	102	114	137	155	167	171	170	171	167	149	120	81	76	88	93	94	96	97	98	97	97	97	101	101	91	100	206	199	193	168	160	137	107	126	135	130	110	123	125	124	120	131	124	105	115	113	72	71	77	59	51	59	41	75	86	60	62	101	101	61	72	46	127	146	137	182	195	182	178	182	182	178	178	178	186	189	190	193	193	140	83	73	123	110	125	160	164	168	169	181	194	85	41	44	50	53	52	50	45	49	52	51	101	146	143	154	164	164	164	164	162	161	160	158	158	157	193	193	193	193	193	193	193	
	163	105	104	101	99	101	110	134	156	169	170	171	171	167	150	121	78	73	86	91	94	95	95	97	97	96	98	102	104	99	88	163	209	190	166	173	111	125	128	126	110	125	126	119	121	128	132	125	84	76	77	75	81	64	49	89	41	49	84	54	54	75	70	80	75	80	96	136	138	187	194	189	184	180	180	179	173	176	176	186	191	189	187	146	72	76	97	112	122	117	148	162	171	184	170	69	40	43	48	52	55	56	48	44	50	49	64	124	139	141	162	166	164	164	163	163	162	161	158	158	156	194	194	194	194	194	194	194	
	163	107	104	102	98	96	106	133	154	167	172	173	172	167	150	120	79	75	83	91	93	97	96	96	98	96	100	103	105	104	96	96	200	197	184	175	124	125	129	118	121	129	131	124	121	130	120	111	97	83	72	88	53	40	66	93	40	57	78	49	55	52	65	64	101	109	109	128	189	193	191	184	180	177	181	176	170	181	180	185	183	183	192	173	99	86	100	98	128	117	140	168	189	145	53	43	43	50	53	51	55	50	46	45	53	56	89	132	126	148	166	166	163	162	162	162	163	162	159	160	158	195	195	195	195	195	195	195	
	163	107	103	102	98	94	102	132	154	168	172	172	174	169	150	120	79	73	83	89	94	95	94	97	97	98	101	104	108	109	104	91	147	205	193	167	135	117	115	115	127	122	116	123	127	121	110	76	72	78	90	79	54	45	73	75	54	63	51	55	70	71	77	71	95	122	130	170	183	183	185	177	175	175	175	175	174	179	180	187	190	193	199	188	136	88	86	97	95	133	139	163	113	44	43	45	46	54	57	55	55	46	45	49	50	63	111	130	127	159	167	166	162	163	163	163	161	161	160	159	159	195	195	195	195	195	195	195	
	163	105	104	100	98	92	99	130	152	166	172	171	174	170	151	122	78	73	81	90	95	97	97	96	97	97	101	104	109	110	107	96	128	215	202	179	124	124	108	121	120	119	130	131	114	114	100	70	59	54	79	73	63	52	64	88	77	45	47	48	49	42	57	93	81	118	149	169	177	181	175	168	172	174	175	172	171	176	192	196	194	197	197	195	161	101	67	71	81	118	142	143	87	42	40	45	54	54	58	58	51	44	43	52	51	81	130	125	135	160	165	165	164	163	163	163	162	161	160	159	161	195	195	195	195	195	195	195	
	162	104	105	100	97	91	98	130	151	167	172	173	173	169	151	122	80	73	86	92	97	97	99	99	98	97	101	105	112	113	108	99	126	215	211	138	111	118	120	117	112	133	132	124	99	67	59	73	46	46	66	73	84	51	63	73	111	50	47	43	40	42	100	99	128	148	180	180	186	183	166	162	169	178	163	166	179	192	196	199	195	198	200	197	172	110	69	45	79	97	140	147	70	46	45	46	53	57	59	59	50	46	46	48	51	107	136	126	147	157	163	164	163	163	160	160	161	163	161	160	160	196	196	196	196	196	196	196	
	161	105	102	100	99	93	99	129	152	167	172	172	172	168	153	122	83	74	83	93	96	99	99	100	98	99	104	106	109	114	110	105	110	215	200	109	106	112	114	117	127	116	120	113	95	44	77	48	45	47	50	74	70	61	70	49	108	77	63	36	37	115	119	147	162	139	180	183	188	173	162	162	177	169	164	174	186	194	195	201	199	203	207	205	185	126	77	42	59	79	150	152	54	45	46	49	53	55	61	58	45	44	49	47	69	130	134	138	152	149	153	159	162	163	162	161	160	160	162	160	159	195	195	195	195	195	195	195	
	160	103	104	101	98	93	98	130	152	165	172	172	173	171	151	124	83	75	83	92	97	101	102	101	100	99	101	112	129	114	112	109	101	193	181	112	117	109	112	129	123	97	79	68	69	49	83	43	55	54	47	54	62	59	81	67	85	62	36	34	101	128	151	172	164	144	167	182	181	169	168	169	159	160	171	182	189	196	197	200	201	206	209	209	197	146	89	46	43	67	131	158	62	50	51	55	55	58	63	53	45	49	52	43	92	140	131	152	157	151	150	149	150	152	155	158	159	160	160	161	159	196	196	196	196	196	196	196	
	162	104	101	99	97	92	100	129	151	167	172	174	173	170	151	123	86	78	86	96	101	101	102	101	99	99	102	122	113	115	115	115	110	142	192	115	111	118	123	127	128	105	77	54	46	45	75	46	58	54	50	51	57	52	89	91	76	97	31	88	135	148	174	179	173	149	170	190	181	168	163	154	156	167	173	187	191	196	198	202	202	207	210	210	203	163	96	53	36	62	113	157	74	53	52	53	59	60	63	50	45	50	48	52	119	139	138	161	161	155	152	150	150	147	151	150	148	153	156	159	159	194	194	194	194	194	194	194	
	162	103	100	100	94	91	96	127	151	167	173	174	173	170	151	123	85	79	91	94	98	101	101	103	101	101	105	117	113	117	118	119	116	116	179	121	113	131	128	130	103	67	54	82	41	42	76	57	60	52	52	53	63	46	71	67	41	101	69	134	136	167	174	187	181	140	174	190	167	161	155	158	167	172	175	184	193	195	198	202	204	207	210	212	209	176	111	65	41	47	97	163	80	47	53	57	58	58	59	50	48	53	45	74	139	136	148	164	162	161	158	156	154	152	152	149	146	145	145	148	150	191	191	191	191	191	191	191	
	160	101	100	97	97	91	97	128	150	168	173	174	175	169	153	122	84	78	88	95	100	101	102	104	102	102	107	110	116	115	112	111	112	127	114	112	127	135	127	113	65	66	38	79	57	47	44	71	77	43	50	64	56	55	50	81	30	72	131	128	164	160	169	186	184	154	180	170	155	158	158	164	171	173	177	181	191	196	196	198	201	204	208	211	210	190	124	81	43	42	81	166	83	52	54	56	61	63	54	48	51	50	48	109	139	136	156	163	160	160	159	163	161	162	157	155	149	145	147	144	143	185	185	185	185	185	185	185	
	159	100	98	97	96	92	96	130	153	167	171	174	175	171	151	122	85	75	87	94	100	100	102	102	102	101	106	111	115	118	118	119	123	130	132	145	122	129	119	101	57	78	37	96	44	47	73	85	55	42	50	67	44	77	65	52	43	117	109	168	168	163	164	188	185	178	168	141	152	161	164	169	175	176	177	178	185	193	194	195	198	202	205	209	208	196	133	75	41	42	66	159	100	60	64	58	61	61	50	51	53	46	64	128	134	138	160	162	161	160	158	161	163	165	162	157	154	150	147	145	143	186	186	186	186	186	186	186	
	159	100	99	99	98	93	95	128	151	166	174	175	175	170	153	122	84	78	87	93	99	103	100	101	100	102	106	112	117	118	119	150	146	67	46	100	154	118	102	62	84	57	55	98	41	50	54	55	43	48	52	61	57	72	64	43	97	115	164	171	183	159	165	191	193	154	96	102	108	113	131	157	174	179	176	175	180	190	193	190	194	198	202	206	200	170	111	56	42	39	64	146	119	56	62	59	67	60	48	50	53	46	86	137	131	148	162	159	158	158	157	158	159	161	162	157	154	155	152	151	148	188	188	188	188	188	188	188	
	160	101	101	100	99	93	94	127	151	167	173	175	176	172	153	124	83	79	87	94	99	103	99	101	100	101	105	111	115	118	127	147	127	53	42	123	136	89	75	66	86	44	81	96	37	57	62	65	55	46	40	71	80	62	46	66	131	148	171	183	186	155	180	191	149	133	148	145	132	96	74	79	115	163	173	171	175	188	191	187	192	193	188	160	121	96	90	74	46	42	57	131	137	55	62	64	63	51	50	49	55	50	108	136	131	156	162	158	156	157	155	155	155	157	159	156	153	154	153	153	154	192	192	192	192	192	192	192	
	159	102	105	101	98	91	93	126	150	166	174	174	176	173	154	126	84	79	88	95	102	101	100	100	98	100	102	106	109	128	153	145	147	103	85	117	110	72	57	91	68	78	64	87	48	60	44	55	83	38	43	45	69	55	38	125	140	174	178	194	173	170	188	127	115	120	124	103	140	112	104	97	92	118	158	163	168	185	192	189	187	171	126	101	101	106	105	85	60	42	57	121	139	65	60	59	63	49	51	53	52	63	125	132	138	159	160	157	156	156	155	154	154	156	158	155	154	152	153	153	154	193	193	193	193	193	193	193	
	159	101	101	98	96	88	89	127	150	167	175	175	176	171	154	127	85	76	84	93	100	101	98	99	98	96	98	117	143	143	152	152	157	138	126	57	47	69	84	97	74	94	49	61	62	71	41	42	89	60	43	46	39	40	93	125	176	173	192	195	180	181	98	78	71	59	56	52	59	47	76	121	124	125	142	155	163	186	194	195	183	130	91	64	52	54	58	65	57	41	60	114	141	79	58	62	57	48	49	52	44	78	137	131	148	159	158	155	154	155	154	154	155	155	156	154	152	152	153	152	153	192	192	192	192	192	192	192	
	156	95	96	93	91	82	83	122	149	168	175	176	176	170	152	126	83	74	85	89	95	100	96	96	95	89	107	178	168	142	149	147	134	73	64	36	88	75	92	74	83	113	46	60	54	82	47	39	47	101	70	45	38	50	129	161	171	178	198	192	183	94	61	49	50	49	46	65	125	68	40	72	130	127	137	148	162	188	203	200	114	56	55	77	85	47	54	56	48	42	59	105	146	80	64	63	51	47	50	52	46	98	140	137	157	158	156	154	153	153	152	155	152	155	154	153	152	154	151	150	151	189	189	189	189	189	189	189	
	157	95	95	92	87	79	80	123	150	170	176	176	178	173	152	125	82	77	88	95	98	97	97	99	93	88	109	184	154	143	150	124	123	59	45	78	64	70	53	61	104	98	47	47	43	62	73	42	44	49	49	54	48	108	129	178	178	187	201	193	111	78	51	52	78	70	53	78	193	178	84	93	114	119	133	141	161	192	214	150	59	54	61	112	152	67	47	51	47	45	63	99	150	87	72	61	50	49	52	46	58	125	140	143	158	156	157	153	153	152	151	152	152	151	152	152	152	152	148	146	148	187	187	187	187	187	187	187	
	158	97	97	93	89	78	77	120	149	169	176	178	180	174	153	125	87	80	90	99	103	102	102	103	100	71	62	130	163	194	150	69	51	41	77	67	61	62	66	82	101	111	44	48	48	46	81	47	43	48	39	40	65	104	156	160	181	198	194	132	116	110	85	57	108	82	75	121	206	201	139	109	107	116	127	140	165	202	209	114	106	87	84	122	158	79	44	45	44	42	68	95	159	84	79	56	48	50	54	46	73	137	136	149	157	156	155	151	151	151	150	152	152	152	152	152	150	146	147	145	144	183	183	183	183	183	183	183	
	159	99	98	93	89	78	77	120	150	167	177	179	179	175	155	126	90	84	94	102	107	107	109	69	56	95	128	169	188	174	71	63	48	88	96	55	61	76	81	97	92	124	64	48	45	43	50	54	46	48	37	42	118	139	167	180	197	191	128	120	124	139	131	100	105	127	139	177	193	184	147	126	125	119	128	135	166	211	200	114	122	126	136	169	137	68	57	53	48	52	69	87	166	88	80	56	47	46	54	47	96	138	137	156	155	155	153	151	150	152	158	152	152	153	152	150	148	146	144	141	138	182	182	182	182	182	182	182	
	160	102	101	91	86	77	75	120	150	168	177	180	181	177	158	128	90	85	97	103	110	109	120	51	109	152	138	142	119	59	47	92	98	80	71	40	77	71	72	93	114	117	99	52	43	44	46	45	50	41	34	86	114	174	172	191	195	121	114	131	137	142	142	138	133	117	114	132	126	153	164	146	123	127	128	134	161	208	207	164	144	133	123	109	75	71	80	55	46	54	70	82	167	95	80	52	49	48	54	66	120	135	142	158	155	154	152	150	149	151	154	151	150	152	151	148	144	142	138	137	134	181	181	181	181	181	181	181	
	160	100	95	88	83	75	71	117	149	168	177	180	182	178	159	131	90	82	94	102	109	107	121	138	150	136	88	72	79	43	48	54	119	125	105	56	58	69	95	85	103	124	96	55	45	47	45	48	47	38	46	130	139	168	183	198	120	99	123	138	147	148	149	147	145	141	137	143	149	159	154	150	128	134	128	129	158	204	213	173	153	137	131	121	98	100	88	58	43	52	66	78	169	105	71	50	46	55	47	71	134	131	150	157	153	153	151	150	151	151	148	150	150	150	148	146	142	140	137	133	137	197	197	197	197	197	197	197	
	157	92	89	82	80	67	64	114	148	166	177	181	182	179	158	131	90	83	93	102	109	108	112	136	121	96	77	89	57	46	72	89	99	76	84	41	52	78	68	124	96	91	98	47	46	45	42	50	48	41	105	112	169	184	199	132	87	113	127	137	150	155	162	162	163	159	161	167	168	167	163	147	136	137	129	128	155	199	214	185	164	153	141	130	120	114	98	61	48	56	64	72	171	112	68	51	43	51	43	89	135	135	153	155	155	150	150	150	150	151	148	149	148	147	146	143	141	138	131	138	169	215	215	215	215	215	215	215	
	154	91	85	81	77	64	66	111	146	166	176	178	181	177	159	130	90	81	93	99	107	115	128	130	150	127	119	69	60	66	89	112	96	102	53	39	52	90	92	93	109	131	90	75	54	49	43	46	44	61	128	140	180	194	153	65	100	118	127	137	148	155	163	166	173	171	172	170	170	172	160	147	141	135	130	126	146	194	217	186	172	154	143	134	127	121	103	61	48	58	63	63	169	123	56	49	45	50	49	114	136	141	157	155	153	151	152	150	150	150	148	147	146	145	142	140	137	134	137	170	191	218	218	218	218	218	218	218	
	150	88	81	79	73	64	63	113	148	167	176	178	181	177	158	130	88	80	90	107	126	134	134	128	90	67	72	59	63	82	90	110	123	66	50	44	44	52	77	90	82	42	108	117	61	46	46	44	43	110	117	169	191	185	53	72	107	121	127	136	146	153	162	170	176	174	176	175	175	171	161	150	145	139	132	128	142	190	217	190	166	159	144	134	128	124	106	60	52	61	63	56	163	140	51	45	47	46	59	129	135	148	157	155	153	152	151	151	148	150	147	145	145	143	143	137	133	134	164	189	195	217	217	217	217	217	217	217	
	147	79	76	76	72	62	61	111	146	166	175	178	179	176	156	130	90	81	92	103	108	115	114	87	90	88	81	59	94	70	107	113	69	61	47	48	47	50	55	59	63	37	109	127	75	41	39	41	57	130	143	189	192	82	47	80	112	122	126	133	143	149	157	169	175	178	180	173	173	167	157	148	146	140	131	129	141	184	219	193	164	159	148	137	130	126	98	57	51	57	66	49	159	145	52	43	56	46	76	136	138	157	157	152	153	152	149	148	148	147	146	147	144	144	141	135	129	152	184	194	192	216	216	216	216	216	216	216	
	145	74	74	71	67	59	61	109	147	164	172	174	175	173	157	132	87	80	94	100	105	111	101	123	106	89	89	100	70	57	81	108	76	57	49	53	48	47	50	60	55	45	106	114	132	47	35	36	106	115	175	198	138	42	53	79	112	121	130	134	142	147	152	160	168	175	177	173	170	164	154	143	139	137	126	128	140	173	216	196	164	156	150	139	130	123	88	51	50	58	63	43	159	149	71	39	59	49	101	137	144	166	156	154	153	151	150	148	146	146	145	143	143	141	138	131	137	177	192	193	192	216	216	216	216	216	216	216	
	144	75	75	72	67	56	58	110	147	163	173	172	176	172	155	131	86	75	118	95	117	140	125	64	86	122	98	62	79	73	95	120	97	55	59	53	41	43	49	72	59	66	126	109	113	102	34	48	127	132	201	188	48	43	60	77	106	119	129	133	139	148	153	158	163	171	170	170	168	162	152	136	133	132	125	123	135	168	212	205	161	155	147	137	131	121	77	45	56	62	63	40	144	144	91	42	53	51	123	137	151	160	156	155	153	151	150	148	146	145	143	143	140	140	137	131	160	190	194	192	192	216	216	216	216	216	216	216	
	145	76	76	72	64	54	53	109	145	165	172	171	174	172	155	130	84	74	109	126	131	118	98	70	120	92	82	62	90	95	113	123	106	55	55	50	38	43	66	101	62	99	148	153	58	74	28	92	119	167	201	80	36	46	68	75	105	121	127	131	137	144	151	155	159	162	165	166	164	160	148	135	130	129	123	121	132	162	204	217	158	152	146	137	130	114	64	46	55	68	63	39	130	152	99	41	45	67	135	137	156	158	154	151	153	151	150	149	146	147	144	143	138	138	133	141	181	194	193	192	193	219	219	219	219	219	219	219	
	146	77	75	73	62	50	49	106	144	164	173	175	176	174	157	131	86	74	88	110	116	127	98	73	89	96	77	83	99	74	94	136	81	60	46	48	47	44	74	76	112	106	80	90	41	41	53	119	129	191	125	35	38	50	78	78	101	118	128	131	135	141	147	151	152	155	161	162	161	154	144	128	123	133	126	121	131	157	197	222	160	150	147	135	127	104	47	46	57	70	61	37	115	153	117	44	40	92	141	141	158	156	153	151	151	149	151	148	147	148	145	143	139	136	132	164	192	195	193	193	197	223	223	223	223	223	223	223	
	148	79	77	71	62	50	47	106	144	166	173	174	176	175	159	131	86	82	120	114	108	114	78	80	93	97	77	65	107	56	101	124	82	82	52	58	49	39	69	107	84	118	70	43	38	50	146	135	133	163	85	37	40	54	88	76	103	119	126	129	135	142	143	150	151	155	157	159	158	151	141	115	127	137	140	131	126	153	194	220	156	147	143	131	123	81	41	47	56	70	60	40	93	159	133	48	39	117	145	146	157	154	152	149	149	149	149	148	148	147	144	145	139	131	141	180	196	194	193	195	202	225	225	225	225	225	225	225	
	148	80	78	72	65	57	57	111	145	165	171	172	176	176	159	132	99	93	93	98	108	114	75	80	108	93	53	98	87	55	102	109	111	105	49	53	66	36	50	54	65	94	47	39	35	99	173	178	178	109	40	38	44	54	90	81	104	119	125	128	134	139	142	149	150	151	155	157	157	153	143	120	131	112	95	116	120	135	181	194	150	147	142	130	113	50	42	51	58	67	57	45	77	163	132	55	50	131	145	152	156	154	151	149	150	149	150	146	147	146	143	142	138	131	155	188	196	193	194	201	204	224	224	224	224	224	224	224	
	146	77	78	74	67	65	73	123	151	164	172	173	176	176	160	133	91	76	90	99	108	104	83	83	99	78	52	117	72	73	99	106	135	103	49	50	71	65	37	46	108	67	50	51	51	128	166	182	133	37	43	44	45	56	100	88	107	117	124	128	133	138	145	147	148	150	155	156	157	155	147	132	124	116	110	110	105	123	167	174	154	144	138	130	86	47	45	51	64	67	59	49	58	161	135	60	78	142	145	154	155	152	149	149	149	150	148	147	145	144	144	141	137	133	167	193	196	195	199	205	206	224	224	224	224	224	224	224	
	145	77	75	75	67	72	88	130	153	165	169	170	175	178	160	134	92	76	89	97	113	109	56	78	73	51	102	69	80	77	101	101	125	119	73	46	83	139	35	52	80	57	92	118	137	106	129	170	43	40	64	52	43	59	108	87	111	119	124	128	130	135	142	145	146	148	153	154	157	156	152	146	138	129	134	138	140	181	188	168	152	144	134	121	55	47	46	55	73	73	60	50	47	156	135	72	97	145	147	157	154	153	150	150	148	148	149	147	145	144	142	141	134	138	178	195	195	198	203	207	206	224	224	224	224	224	224	224	
	145	74	80	75	67	68	97	134	155	165	169	172	176	177	162	136	92	77	89	97	113	135	57	75	74	104	75	50	73	78	100	113	96	126	116	59	77	103	55	55	61	123	139	171	111	110	173	80	50	53	58	58	49	60	108	92	112	122	126	127	132	138	140	141	143	149	153	155	157	156	153	150	147	142	154	185	166	195	190	166	148	142	133	94	49	47	47	61	78	72	60	57	42	143	137	81	121	144	149	156	154	153	150	150	148	148	147	145	146	145	141	140	132	144	183	194	195	201	206	207	205	224	224	224	224	224	224	224	
	142	72	72	72	63	66	97	135	155	165	169	171	177	177	162	135	92	75	87	99	134	113	65	75	115	64	60	52	69	70	76	102	80	115	133	76	102	70	43	59	117	153	176	152	93	125	102	42	48	47	51	64	48	49	105	96	110	120	126	128	131	136	139	139	140	143	149	150	150	154	148	148	148	150	169	202	177	199	192	163	144	140	130	57	49	47	47	64	79	70	63	52	39	122	140	97	132	144	152	154	153	151	148	148	147	147	144	144	143	144	141	140	133	150	188	195	198	206	207	206	206	224	224	224	224	224	224	224	
	141	69	68	68	63	71	92	131	154	164	170	172	176	178	162	136	90	73	87	124	109	115	65	96	95	50	69	66	65	78	68	87	69	102	120	121	90	43	81	103	116	160	179	100	101	126	39	57	52	49	53	69	50	46	98	94	106	119	126	128	131	136	140	139	138	139	142	145	145	147	145	145	150	155	176	206	183	201	192	159	140	138	103	45	50	48	51	63	78	70	61	53	39	113	141	107	137	144	153	153	153	151	148	148	147	147	146	145	145	144	141	134	129	155	190	196	203	207	207	207	208	225	225	225	225	225	225	225	
	137	61	67	68	63	69	90	132	155	166	171	173	178	178	164	135	91	73	111	108	103	109	58	81	81	57	66	64	76	91	81	78	88	63	100	130	70	66	120	175	178	187	114	98	145	51	40	82	48	47	54	72	53	46	91	91	97	116	126	129	129	135	136	140	136	138	137	133	136	140	141	141	145	146	145	157	173	157	156	137	131	136	64	44	52	49	52	67	79	73	65	57	38	99	140	120	142	143	154	154	152	149	148	146	149	146	148	144	144	142	140	136	128	158	191	201	206	209	207	208	209	225	225	225	225	225	225	225	
	132	58	61	66	61	70	92	135	156	168	174	176	179	177	163	134	89	90	118	90	128	108	53	65	67	62	69	56	73	117	101	89	70	96	99	94	89	136	133	189	205	131	101	137	87	43	44	62	46	47	58	65	58	44	87	87	88	112	125	128	126	130	134	140	142	143	110	94	102	111	114	114	107	101	106	120	125	96	111	111	139	110	46	46	50	48	57	65	75	77	56	66	41	84	139	136	146	146	155	155	151	151	149	147	147	146	148	144	143	143	141	134	127	164	195	206	211	209	208	208	207	226	226	226	226	226	226	226	
	131	56	60	63	62	78	98	135	156	170	175	176	179	178	161	133	103	127	84	105	135	97	63	58	49	58	69	70	74	135	89	98	100	92	99	76	90	140	130	200	179	100	122	136	46	50	44	53	52	50	58	59	65	46	80	82	85	107	120	124	124	128	133	137	145	144	134	125	116	113	118	126	130	136	141	156	162	138	135	140	137	61	46	51	47	49	61	59	77	77	58	74	45	71	146	144	148	148	156	154	151	151	150	150	147	145	147	145	144	144	140	134	128	169	200	210	211	209	209	208	210	227	227	227	227	227	227	227	
	130	56	60	62	58	79	98	134	155	167	175	177	179	177	164	138	129	77	82	130	110	89	68	92	43	48	81	75	81	142	64	92	105	90	68	98	129	146	126	180	113	134	157	58	50	52	45	45	53	46	57	61	66	48	69	81	73	100	112	118	121	124	127	132	142	145	144	134	126	125	124	128	144	162	168	167	172	139	143	143	95	43	46	51	42	50	53	60	81	80	60	76	46	67	154	147	149	150	156	155	153	151	151	151	148	148	146	144	146	143	139	131	128	174	207	213	210	210	210	211	211	228	228	228	228	228	228	228	
	129	53	55	56	56	80	95	130	154	166	176	178	179	179	165	144	87	69	108	124	108	70	86	83	48	62	74	82	116	117	100	94	74	111	110	112	146	144	131	166	140	174	74	52	52	56	53	52	51	54	58	60	68	51	73	77	67	90	106	111	116	122	126	130	136	139	143	138	132	126	124	125	129	136	142	136	135	144	146	125	57	47	48	50	50	53	54	64	76	79	68	75	50	67	155	150	152	152	155	154	152	154	152	151	149	148	147	145	143	141	138	130	126	180	211	215	212	211	211	214	213	229	229	229	229	229	229	229	
	129	51	53	51	56	89	90	126	149	164	177	177	179	178	161	134	86	68	130	99	100	55	102	68	45	75	59	62	141	111	110	118	81	86	132	113	106	123	144	172	178	92	51	51	53	57	49	52	49	55	59	59	62	53	65	74	63	77	96	102	108	117	122	129	133	137	141	138	134	131	129	128	122	121	124	132	149	144	139	78	48	43	47	51	59	52	52	73	78	81	66	75	56	65	156	151	149	152	155	154	153	153	153	154	152	149	149	145	143	141	136	126	122	182	215	216	212	212	213	216	215	227	227	227	227	227	227	227	
	128	51	49	48	62	102	101	126	145	162	175	176	177	177	163	136	88	67	121	99	83	66	88	53	42	76	59	53	144	123	105	137	107	100	103	112	93	117	154	197	126	48	51	48	52	56	50	53	51	51	55	58	60	57	54	64	61	70	83	96	105	113	123	127	133	136	137	138	137	139	138	147	153	157	153	155	150	142	108	58	46	45	49	55	58	52	48	74	78	82	69	75	57	60	157	156	146	153	155	155	151	153	151	152	151	149	148	144	142	140	135	124	120	185	216	218	214	214	213	214	212	226	226	226	226	226	226	226	
	126	48	49	50	71	102	102	128	145	162	174	175	176	176	161	135	91	70	100	105	77	82	83	52	41	80	48	59	116	100	111	127	117	99	80	124	122	90	127	156	55	48	52	51	52	59	47	54	49	51	47	54	56	57	51	60	59	64	61	78	93	104	116	127	131	135	138	141	144	151	154	157	167	169	163	159	151	146	66	57	45	47	53	59	58	56	49	81	81	85	70	78	63	58	158	160	145	155	156	154	153	151	150	151	152	149	148	143	141	139	133	123	122	193	218	217	214	212	211	211	212	228	228	228	228	228	228	228	
	126	49	45	49	73	97	101	128	144	163	175	175	176	176	162	135	89	70	93	95	63	61	92	55	47	75	51	62	113	83	60	105	133	120	105	128	135	91	99	93	65	50	55	50	57	60	47	57	48	54	46	49	56	55	54	58	62	61	63	50	68	87	102	120	127	133	138	145	148	155	167	164	167	164	170	164	148	133	45	59	50	50	54	62	50	56	51	86	84	86	76	74	69	55	161	158	145	155	156	153	149	150	149	148	149	148	147	141	139	137	131	123	129	201	220	216	210	210	211	214	213	227	227	227	227	227	227	227	
	127	48	45	47	61	90	106	131	146	164	173	174	177	177	163	136	86	66	95	73	50	66	89	54	58	69	48	45	122	108	63	84	107	123	133	122	141	108	94	68	53	50	53	49	57	65	47	59	49	55	51	50	52	56	57	57	60	57	72	52	47	61	82	103	112	124	130	138	143	148	157	165	169	163	164	157	144	114	44	57	56	55	55	66	54	52	52	90	85	83	78	79	74	57	159	157	142	144	148	148	149	149	149	148	149	147	144	140	137	136	129	119	139	207	220	215	209	212	212	214	211	226	226	226	226	226	226	226	
	124	48	44	44	52	85	97	126	149	164	173	172	176	176	161	131	80	90	135	110	44	76	66	61	63	57	47	45	114	131	82	72	101	109	111	114	147	137	143	118	49	49	52	51	64	70	44	62	50	50	52	49	47	53	59	60	63	57	68	74	59	63	70	77	89	100	113	123	133	143	149	157	163	156	153	142	135	99	49	53	56	56	54	63	54	51	56	88	90	86	80	83	73	66	160	152	126	120	131	135	140	142	146	147	148	145	144	141	137	134	126	116	158	211	218	212	210	211	210	210	207	222	222	222	222	222	222	222	
	128	51	43	41	49	77	83	119	146	163	173	172	172	174	157	125	119	163	83	110	47	63	68	62	63	57	47	44	105	128	110	73	65	99	115	106	134	133	79	135	126	48	45	49	65	71	41	63	48	48	53	48	47	50	56	57	59	53	58	76	84	105	117	127	132	139	135	138	141	150	155	154	158	161	165	169	180	166	120	73	55	54	53	57	51	52	56	84	89	89	80	83	72	74	159	143	113	109	114	117	122	122	127	131	139	143	141	139	136	130	122	116	179	215	213	208	208	209	207	205	201	211	211	211	211	211	211	211	
	136	61	52	46	46	68	72	112	141	162	170	171	172	172	157	153	152	78	66	89	40	56	79	60	59	72	64	50	86	122	124	90	61	114	140	88	100	123	97	86	149	126	48	51	68	71	45	67	51	51	51	51	49	52	53	60	58	53	53	80	97	119	127	125	127	131	134	136	140	146	148	145	145	147	158	173	187	196	199	193	144	83	54	54	49	48	60	88	89	86	77	84	76	81	160	134	121	123	116	114	112	111	109	112	115	121	125	128	129	127	120	117	187	212	207	205	208	208	207	199	189	198	198	198	198	198	198	198	
	164	86	68	55	56	60	56	91	133	160	170	170	170	175	174	157	82	79	119	61	40	43	75	62	45	66	89	66	56	92	112	96	111	141	96	90	101	111	97	132	138	100	101	48	62	63	44	71	49	49	48	54	49	49	50	60	58	56	51	76	101	119	122	124	124	128	136	136	138	142	140	140	142	147	162	175	188	196	198	200	202	198	152	75	42	38	52	82	87	82	74	81	69	85	158	134	134	134	132	126	120	113	107	103	100	102	107	103	106	110	103	105	184	208	204	205	207	207	207	193	159	148	148	148	148	148	148	148	
	179	126	102	78	72	60	50	81	129	159	169	171	170	177	165	134	92	123	112	41	40	41	56	97	34	54	108	83	64	44	108	116	94	117	75	106	105	117	116	123	130	69	116	68	61	59	40	71	50	49	47	55	55	49	53	56	66	60	51	68	99	113	120	122	127	127	134	136	139	139	139	141	145	153	166	179	188	190	193	197	201	203	207	200	121	43	51	74	84	77	70	75	68	94	153	139	142	139	139	134	132	129	121	115	108	100	96	90	99	115	98	83	177	206	204	209	207	205	193	162	87	127	127	127	127	127	127	127	
	180	139	135	112	92	72	46	79	129	160	168	169	171	172	160	133	151	119	63	42	40	37	82	113	78	101	90	77	58	73	79	82	111	73	77	88	118	123	138	126	85	104	68	116	58	54	45	74	54	52	49	54	61	53	50	59	64	71	54	69	98	115	118	125	125	127	136	141	141	138	135	143	149	158	169	177	186	187	190	192	198	202	205	208	209	154	57	57	78	71	68	75	61	105	147	143	146	145	143	139	137	135	131	126	122	113	109	97	109	129	102	92	186	209	208	212	208	203	155	72	48	145	145	145	145	145	145	145	
	177	142	149	138	115	80	48	77	129	161	173	172	172	175	160	151	180	94	61	45	45	45	62	50	81	75	64	64	83	90	43	113	58	66	68	94	98	127	133	147	78	110	96	119	68	46	44	70	54	52	51	53	63	52	51	65	69	90	54	64	98	115	124	120	123	137	136	139	139	139	139	144	154	160	166	172	179	182	186	190	195	198	203	207	210	212	163	58	69	60	69	74	56	112	145	143	148	144	143	143	142	138	135	134	127	125	121	113	119	129	107	125	199	211	212	212	204	188	111	45	77	152	152	152	152	152	152	152	
	166	133	149	150	140	101	51	77	129	161	175	174	173	175	160	155	153	123	38	43	54	53	68	55	62	51	73	58	44	56	48	90	71	64	73	85	97	109	136	124	124	97	138	76	114	46	47	72	60	53	52	55	65	55	53	70	73	104	67	57	101	119	115	121	133	137	138	139	140	139	141	148	155	160	164	168	174	176	181	185	191	196	202	205	209	212	215	150	54	48	65	66	55	124	139	144	148	145	142	142	141	140	137	135	132	129	126	120	122	132	120	156	207	211	213	212	199	160	82	67	92	152	152	152	152	152	152	152	
	136	114	143	162	155	120	53	74	131	162	177	175	176	176	161	154	137	66	40	42	45	56	57	55	46	48	98	63	48	56	67	53	91	64	75	73	96	105	122	131	145	117	76	114	144	37	40	67	59	50	47	51	64	52	45	64	79	115	79	52	95	111	125	131	132	136	139	138	138	140	142	147	151	158	161	165	172	173	178	183	189	193	199	203	207	211	215	216	112	44	58	55	48	135	136	145	146	145	144	144	141	141	138	137	134	131	127	126	130	137	129	178	213	212	213	209	190	123	74	89	91	155	155	155	155	155	155	155	
	121	82	141	166	162	132	58	66	133	163	176	176	177	176	161	143	142	83	38	44	46	70	46	51	48	55	107	56	52	40	78	52	76	84	83	95	78	102	103	121	151	126	42	103	162	41	36	65	63	49	45	50	69	52	50	57	90	117	85	46	91	118	129	132	132	134	138	140	140	140	142	147	151	156	159	163	167	172	177	182	187	192	198	202	206	209	213	220	200	55	54	49	43	142	135	147	146	144	143	143	140	139	137	137	135	132	128	125	126	144	155	192	214	212	212	207	173	90	82	91	94	160	160	160	160	160	160	160	
	118	60	135	168	167	139	53	58	131	161	177	176	176	178	165	141	122	75	45	43	55	54	45	48	44	61	109	48	65	38	48	80	82	62	83	103	101	82	95	146	144	92	58	106	181	42	35	66	72	49	47	51	61	47	51	58	99	107	88	49	94	120	129	127	134	133	137	139	140	141	146	147	149	153	157	160	166	172	175	179	186	189	198	202	207	210	212	218	220	124	43	40	47	151	137	149	146	144	143	143	140	139	135	135	133	130	124	122	143	175	190	205	214	214	210	199	140	88	93	92	101	164	164	164	164	164	164	164	
	118	55	125	166	169	136	50	59	130	163	177	177	178	179	167	143	134	74	49	47	56	49	44	50	46	87	107	39	68	48	50	57	50	61	77	98	98	80	92	142	136	120	47	91	157	39	41	72	75	52	50	50	62	45	50	69	100	107	99	51	96	122	130	130	136	137	138	135	138	140	142	144	148	154	156	158	165	169	173	180	185	188	195	202	206	209	211	215	220	197	45	35	57	147	141	148	148	145	146	142	141	138	132	134	131	126	123	133	182	200	201	210	216	214	208	179	108	91	91	99	107	167	167	167	167	167	167	167	
	116	43	119	161	169	140	52	56	129	163	177	177	177	179	166	143	130	51	51	56	46	44	44	42	45	120	98	42	51	58	52	49	49	47	70	86	111	65	83	142	144	111	105	127	127	99	44	68	66	54	55	49	53	53	55	82	115	122	103	55	99	123	131	133	136	136	135	136	135	138	143	144	146	150	154	158	163	165	173	176	183	187	195	201	206	209	210	214	217	219	91	31	71	143	145	148	145	144	145	141	138	137	133	132	127	126	122	157	208	213	205	211	216	213	200	148	97	91	91	102	112	166	166	166	166	166	166	166	
	116	40	110	163	172	143	59	53	128	163	178	176	179	179	167	144	113	53	58	45	45	44	45	43	95	88	76	42	48	68	47	38	55	46	66	64	116	85	106	138	135	126	129	156	83	61	56	56	59	56	57	54	50	52	69	106	123	122	96	64	100	123	129	134	137	137	137	136	137	138	140	143	146	148	155	157	160	164	171	175	182	188	194	199	204	207	209	212	215	219	148	29	85	139	147	145	144	143	143	139	139	138	132	132	126	122	121	175	214	213	207	214	216	210	181	123	101	94	93	106	113	159	159	159	159	159	159	159	
	116	37	109	159	170	145	71	53	126	163	176	174	172	173	162	146	119	59	49	45	45	48	53	69	51	78	81	47	51	64	44	44	57	49	76	52	60	109	131	134	108	97	129	143	117	97	73	56	59	68	56	56	48	58	77	114	124	123	88	68	104	126	131	133	138	141	137	136	134	137	138	141	143	146	152	156	159	162	168	172	180	188	191	198	203	205	208	212	214	217	198	34	92	140	146	146	143	141	140	139	139	137	134	132	127	124	128	183	213	207	206	215	215	201	154	119	105	97	98	106	110	157	157	157	157	157	157	157	
	115	37	97	159	172	151	73	53	123	164	176	176	175	177	165	146	125	59	46	47	45	49	49	51	52	66	75	50	58	51	50	46	52	52	88	51	43	94	121	126	116	78	49	63	65	67	99	107	108	78	55	54	49	67	91	121	126	126	81	78	111	129	133	134	138	140	138	137	133	135	137	141	142	148	151	153	157	160	166	169	178	184	191	196	200	205	207	210	213	215	214	69	103	142	144	148	143	142	140	138	138	139	135	132	125	126	132	190	213	205	205	217	212	185	131	116	105	98	98	106	101	152	152	152	152	152	152	152	
	118	37	85	153	171	153	78	57	123	161	175	177	177	178	167	146	121	52	52	44	43	48	50	63	47	61	62	55	46	53	58	40	54	50	83	57	82	90	110	115	108	132	60	72	48	49	60	58	58	79	58	46	53	79	101	122	127	125	69	92	120	131	135	137	139	139	141	136	135	135	137	139	141	145	148	153	156	160	164	168	173	182	190	194	198	204	206	209	212	213	215	116	110	144	146	146	142	143	142	140	139	138	135	131	128	130	133	175	203	201	206	217	206	168	121	113	107	96	95	99	84	153	153	153	153	153	153	153	
	120	35	76	148	170	153	90	60	120	159	175	175	176	177	165	148	136	65	49	41	44	61	75	51	45	60	59	52	56	50	62	45	56	68	62	87	57	119	116	118	78	99	117	89	66	54	51	56	56	50	53	46	63	86	109	122	126	114	63	97	125	134	138	139	140	139	139	137	136	136	136	138	140	146	149	151	154	158	162	165	171	179	187	192	198	201	205	208	211	212	214	172	120	140	135	141	142	144	144	143	141	140	136	133	132	134	137	143	167	181	208	216	202	154	114	107	99	92	98	88	77	160	160	160	160	160	160	160	
	120	36	66	142	165	154	101	63	117	159	174	174	175	177	166	144	140	77	51	43	59	60	49	46	47	62	61	57	62	56	57	50	55	73	47	87	69	58	74	115	71	68	122	154	64	51	44	56	48	48	47	48	71	100	115	124	122	92	70	109	131	135	137	141	142	142	139	139	137	135	137	138	141	144	147	149	152	155	158	163	170	177	183	191	195	200	204	209	211	212	213	208	136	123	107	114	124	132	140	143	144	142	140	137	139	144	145	139	135	171	213	215	194	139	111	101	91	96	91	78	89	161	161	161	161	161	161	161	
	119	35	66	139	166	159	103	66	115	156	173	175	176	177	166	143	125	78	55	42	50	50	45	49	59	60	53	70	55	45	51	41	62	51	55	98	107	62	45	68	78	77	94	107	43	52	44	49	46	40	49	60	81	108	116	123	119	66	82	125	133	136	137	139	142	143	141	141	139	136	136	137	140	144	148	148	152	153	159	163	168	171	181	188	193	199	204	208	211	212	214	215	154	87	80	82	93	104	114	124	129	133	136	140	145	152	144	134	139	185	216	211	177	123	102	86	88	96	76	82	102	157	157	157	157	157	157	157	
	117	34	54	140	173	167	117	61	112	153	170	173	176	177	168	147	116	82	59	45	51	44	45	58	53	61	52	63	60	48	43	49	47	65	75	99	129	92	65	61	65	102	69	74	47	42	48	45	43	41	53	75	97	116	115	119	93	56	101	131	134	134	138	141	143	139	142	140	139	135	135	136	138	142	145	147	149	154	156	161	167	170	177	186	191	197	203	207	210	212	215	217	168	78	82	74	75	79	85	87	92	101	108	125	144	157	146	138	148	202	217	201	149	105	82	77	92	86	75	97	98	155	155	155	155	155	155	155	
	121	34	48	138	172	170	133	64	110	153	169	174	175	179	170	144	103	87	55	49	43	42	55	60	46	62	50	63	63	58	44	50	54	48	45	77	111	133	103	98	105	65	44	50	53	44	44	41	41	44	61	86	109	117	117	108	50	76	121	133	135	136	137	140	141	140	142	140	138	138	135	134	137	138	144	144	148	150	154	158	164	168	175	183	188	196	200	206	209	211	213	216	199	81	92	93	88	82	75	67	62	60	59	77	109	136	175	162	168	210	214	181	119	77	61	79	81	80	94	102	89	153	153	153	153	153	153	153	
	130	61	66	133	175	177	141	70	111	153	170	175	174	180	171	135	110	73	47	49	46	51	52	53	47	56	53	63	58	55	54	44	44	55	52	46	81	136	126	102	94	97	40	50	43	45	43	41	40	51	73	98	113	117	116	64	53	107	130	135	135	136	137	138	139	142	144	141	140	139	136	135	138	136	140	142	147	151	153	156	160	165	175	178	185	194	197	204	207	209	212	215	214	108	95	103	101	94	87	75	64	50	42	41	67	165	199	168	180	212	205	152	82	61	70	80	72	90	104	96	86	148	148	148	148	148	148	148	
	151	85	91	130	173	181	147	82	110	151	171	175	175	182	171	130	115	79	43	50	58	50	46	50	50	52	61	56	64	59	45	44	48	49	66	52	44	87	130	133	95	114	47	46	43	42	39	40	44	69	85	111	116	117	73	49	89	126	132	134	135	139	137	139	139	141	142	143	142	138	138	137	137	138	137	141	144	146	152	155	158	164	170	175	183	192	196	201	206	208	211	213	216	145	90	104	106	103	96	87	77	63	48	39	65	182	202	164	193	206	177	90	57	62	74	71	83	103	98	82	80	149	149	149	149	149	149	149	
	151	93	106	139	172	181	155	91	110	151	171	176	177	182	173	122	115	75	48	46	46	47	45	55	52	48	46	59	59	59	58	47	52	59	58	60	64	66	78	105	124	62	48	44	45	43	36	45	58	77	99	116	112	67	44	84	119	127	131	135	136	138	137	138	139	140	143	140	143	140	140	137	137	139	140	139	144	146	149	153	158	163	164	173	180	187	192	200	205	207	211	211	214	184	83	99	107	105	99	94	85	75	64	55	73	167	201	193	188	168	101	54	55	68	68	79	98	99	83	75	78	154	154	154	154	154	154	154	
	143	104	116	136	170	175	154	96	109	150	171	175	178	182	172	121	114	65	47	49	51	51	49	54	51	44	54	78	59	71	74	45	50	82	58	71	62	74	95	107	68	73	44	44	44	39	37	50	75	92	97	80	49	58	93	112	123	128	132	135	136	137	138	139	139	141	143	142	143	142	141	141	140	139	138	137	141	145	146	151	156	161	165	167	174	183	189	196	202	206	210	211	214	209	93	94	102	103	101	97	95	85	81	83	92	168	209	195	142	92	62	58	70	69	75	96	103	90	72	75	86	163	163	163	163	163	163	163	
	208	193	196	204	220	225	217	196	199	214	222	225	226	227	223	207	194	179	175	177	177	178	177	177	182	176	180	188	180	185	195	181	176	188	175	189	185	182	192	208	185	182	173	175	174	174	174	179	182	178	178	181	191	197	201	204	205	207	207	209	209	209	210	210	210	211	212	212	213	213	212	211	211	210	211	211	211	212	214	214	216	218	219	222	224	226	228	231	234	235	237	238	239	238	205	191	195	196	197	196	195	194	195	196	195	216	228	213	190	187	184	186	186	187	195	199	192	187	182	186	195	221	221	221	221	221	221	221	
	208	193	196	204	220	225	217	196	199	214	222	225	226	227	223	207	194	179	175	177	177	178	177	177	182	176	180	188	180	185	195	181	176	188	175	189	185	182	192	208	185	182	173	175	174	174	174	179	182	178	178	181	191	197	201	204	205	207	207	209	209	209	210	210	210	211	212	212	213	213	212	211	211	210	211	211	211	212	214	214	216	218	219	222	224	226	228	231	234	235	237	238	239	238	205	191	195	196	197	196	195	194	195	196	195	216	228	213	190	187	184	186	186	187	195	199	192	187	182	186	195	221	221	221	221	221	221	221	
	208	193	196	204	220	225	217	196	199	214	222	225	226	227	223	207	194	179	175	177	177	178	177	177	182	176	180	188	180	185	195	181	176	188	175	189	185	182	192	208	185	182	173	175	174	174	174	179	182	178	178	181	191	197	201	204	205	207	207	209	209	209	210	210	210	211	212	212	213	213	212	211	211	210	211	211	211	212	214	214	216	218	219	222	224	226	228	231	234	235	237	238	239	238	205	191	195	196	197	196	195	194	195	196	195	216	228	213	190	187	184	186	186	187	195	199	192	187	182	186	195	221	221	221	221	221	221	221	
	208	193	196	204	220	225	217	196	199	214	222	225	226	227	223	207	194	179	175	177	177	178	177	177	182	176	180	188	180	185	195	181	176	188	175	189	185	182	192	208	185	182	173	175	174	174	174	179	182	178	178	181	191	197	201	204	205	207	207	209	209	209	210	210	210	211	212	212	213	213	212	211	211	210	211	211	211	212	214	214	216	218	219	222	224	226	228	231	234	235	237	238	239	238	205	191	195	196	197	196	195	194	195	196	195	216	228	213	190	187	184	186	186	187	195	199	192	187	182	186	195	221	221	221	221	221	221	221	
	208	193	196	204	220	225	217	196	199	214	222	225	226	227	223	207	194	179	175	177	177	178	177	177	182	176	180	188	180	185	195	181	176	188	175	189	185	182	192	208	185	182	173	175	174	174	174	179	182	178	178	181	191	197	201	204	205	207	207	209	209	209	210	210	210	211	212	212	213	213	212	211	211	210	211	211	211	212	214	214	216	218	219	222	224	226	228	231	234	235	237	238	239	238	205	191	195	196	197	196	195	194	195	196	195	216	228	213	190	187	184	186	186	187	195	199	192	187	182	186	195	221	221	221	221	221	221	221	
	208	193	196	204	220	225	217	196	199	214	222	225	226	227	223	207	194	179	175	177	177	178	177	177	182	176	180	188	180	185	195	181	176	188	175	189	185	182	192	208	185	182	173	175	174	174	174	179	182	178	178	181	191	197	201	204	205	207	207	209	209	209	210	210	210	211	212	212	213	213	212	211	211	210	211	211	211	212	214	214	216	218	219	222	224	226	228	231	234	235	237	238	239	238	205	191	195	196	197	196	195	194	195	196	195	216	228	213	190	187	184	186	186	187	195	199	192	187	182	186	195	221	221	221	221	221	221	221	
